-17.0 2.36 11.88
-19.68 1.58 9.36
-17.21 1.26 6.52
-16.15 -2.18 7.72
-18.52 -4.59 9.5
-17.43 -6.46 12.66
-19.7 -8.27 15.14
-20.26 -6.12 18.22
-19.52 -8.92 20.73
-17.46 -12.09 20.95
-17.01 -14.52 23.89
-15.15 -17.75 24.73
-13.73 -19.91 27.51
-10.01 -20.25 28.36
-8.11 -22.27 25.82
-10.51 -21.8 22.91
-9.55 -20.57 19.47
-11.97 -17.59 18.7
-12.26 -15.77 15.34
-13.35 -12.15 14.69
-14.54 -11.28 11.13
-14.31 -7.97 9.34
-16.19 -7.44 6.09
-15.73 -4.73 3.54
-15.69 -4.02 -0.14
-13.58 -3.85 -3.3
-12.37 -0.33 -2.39
-11.03 -1.23 1.06
-10.22 -4.83 2.07
-10.42 -5.95 -1.54
-7.54 -3.7 -2.66
-5.61 -2.62 0.43
-3.85 -4.09 3.42
-5.75 -4.76 6.64
-4.47 -3.81 10.11
-5.82 -5.09 13.4
-5.42 -3.35 16.76
-6.67 -3.41 20.33
-7.7 -0.03 21.87
-9.08 1.48 25.05
-10.95 4.63 23.74
-8.82 7.76 24.11
-5.5 5.86 24.24
-3.15 4.98 21.41
-3.83 1.64 19.68
-1.81 -1.52 20.39
-0.99 -2.97 16.96
-1.58 -6.68 16.52
-1.54 -7.37 12.79
-0.27 -5.41 9.81
-0.07 -6.08 6.05
-3.06 -8.43 6.26
-1.31 -11.3 8.04
2.01 -10.26 9.59
2.83 -10.02 13.26
4.66 -6.91 14.45
7.5 -7.15 17.07
6.49 -8.18 20.6
3.14 -9.7 19.59
2.3 -13.22 20.81
2.2 -16.0 18.23
-1.29 -16.91 19.6
-2.49 -14.25 17.17
-2.94 -14.84 13.44
-4.91 -13.29 10.6
-6.04 -13.85 7.04
-7.72 -12.0 4.2
-9.72 -13.44 1.33
-11.42 -11.24 -1.24
-13.45 -8.59 0.71
-13.37 -10.28 4.14
-10.64 -10.49 6.82
-10.33 -12.52 9.99
-8.43 -12.39 13.25
-7.86 -15.65 15.16
-6.81 -15.88 18.84
-5.59 -19.41 19.77
-5.38 -20.36 23.46
-7.76 -17.67 24.72
-6.54 -16.1 27.92
-8.03 -13.66 30.42
-5.61 -10.96 29.27
-7.26 -11.07 25.84
-10.39 -9.3 27.02
-10.39 -6.04 25.11
-11.9 -4.14 22.15
-10.58 -5.24 18.74
-10.72 -3.17 15.54
-9.98 -3.75 11.89
-8.91 -0.96 9.48
-7.89 -0.57 5.86
-7.26 2.24 3.38
-10.41 2.94 1.38
-9.93 4.21 -2.17
-13.43 5.81 -2.08
-12.71 7.75 1.07
-9.12 8.58 0.11
-8.22 7.7 3.76
-8.6 4.79 6.2
-11.93 3.05 6.92
-12.78 1.31 10.21
-14.82 -1.4 11.75
-17.05 -0.6 14.73
-15.07 -2.67 17.15
-15.66 -6.08 18.74
-15.72 -6.39 22.56
-14.2 -9.81 23.44
-15.21 -11.29 26.81
-13.32 -14.22 28.33
-15.49 -16.41 30.6
-14.51 -18.43 33.56
-12.65 -15.84 35.59
-13.22 -15.16 39.31
-16.08 -12.78 40.0
