-16.775 27.193 23.31
-16.42 29.817 26.019
-13.441 30.197 28.461
-13.252 32.648 31.479
-10.21 33.791 33.268
-10.551 35.385 36.611
-7.685 37.604 37.749
-6.48 40.185 40.231
-5.017 43.121 38.769
-1.34 42.952 37.969
-1.596 39.197 37.258
-1.253 37.328 33.851
-4.37 35.719 32.176
-3.318 32.788 29.999
-5.875 31.054 27.744
-4.903 27.625 26.223
-6.618 26.329 22.978
-5.996 22.74 22.599
-7.903 21.567 19.63
-7.296 18.713 17.192
-3.56 19.282 16.699
-2.913 17.348 13.439
-0.564 18.579 10.815
-2.476 21.943 10.482
-1.646 25.355 9.067
-3.992 28.154 9.844
-4.277 31.884 9.723
-5.924 32.894 13.05
-7.096 36.304 14.202
-8.152 37.365 17.774
-10.06 40.666 18.307
-10.962 42.071 21.779
-13.647 44.349 23.223
-12.49 45.953 26.429
-15.568 46.506 28.692
-15.718 50.21 29.491
-13.645 51.772 26.751
-14.77 49.781 23.744
-12.413 51.609 21.368
-12.43 49.027 18.491
-9.126 47.938 17.423
-7.552 45.072 19.462
-6.255 42.141 17.532
-3.44 39.907 16.788
-2.98 38.078 13.442
-0.98 34.792 13.578
-0.224 31.808 11.391
0.377 28.194 12.016
2.706 26.023 10.044
4.229 22.797 11.322
3.353 23.472 14.995
5.146 26.806 14.965
2.85 29.675 15.731
3.72 33.089 14.273
2.32 36.516 14.558
1.543 38.675 11.632
1.102 42.122 12.918
-0.573 42.277 16.214
-1.672 45.198 18.289
-0.027 46.726 21.287
-2.91 47.557 23.719
-3.158 45.268 25.78
0.098 43.423 24.711
-1.294 39.959 23.765
1.584 37.433 23.656
1.296 34.258 21.645
3.177 30.988 22.341
5.924 30.435 19.595
4.656 26.66 19.373
1.673 24.13 19.978
-0.008 24.618 22.073
-1.313 27.935 21.146
-1.653 29.779 24.336
-2.514 33.47 24.207
-1.472 35.313 27.36
-2.611 38.917 28.248
0.313 39.792 30.614
-0.198 42.327 33.395
-3.928 42.515 33.677
-5.943 45.609 34.509
-9.696 46.395 35.022
-9.319 48.366 31.855
-8.628 45.274 29.675
-11.474 43.13 31.002
-14.163 42.359 28.427
-14.067 39.373 25.942
-13.175 38.487 22.382
-13.348 35.678 19.841
-10.407 33.639 18.521
-11.339 32.726 14.903
-9.366 29.906 13.386
-9.274 29.252 9.679
-9.667 26.686 7.058
-8.305 23.989 8.857
-11.662 23.245 7.027
-13.972 26.23 7.836
-13.87 28.99 10.458
-13.459 27.229 13.839
-14.133 29.776 16.663
-13.656 30.251 20.427
-15.134 32.799 22.773
-12.716 34.266 25.454
-13.246 36.323 28.552
-11.496 38.124 31.239
-12.99 39.287 34.476
-10.668 41.47 36.736
-10.82 42.282 40.479
-9.27 45.225 42.248
-9.065 45.423 46.086
-8.01 48.719 47.637
-7.876 50.626 50.911
-8.278 54.191 49.584
-8.019 56.044 52.953
-8.744 54.082 56.169
-12.459 54.552 56.238
-12.425 52.858 52.939
-11.797 49.249 51.835
-13.088 48.65 48.28
-13.469 45.744 45.956
-14.47 46.164 42.332
-14.63 43.768 39.453
-15.015 44.405 35.696
-15.858 42.29 32.703
-18.451 39.598 31.971
-20.306 38.621 35.073
-23.58 36.709 35.476
-26.3 38.46 37.659
-26.31 35.368 39.973
-22.802 36.718 40.903
-22.141 38.679 44.097
-19.157 40.338 45.664
-18.132 39.668 49.207
-15.753 41.462 51.577
-14.921 39.17 54.59
-12.254 39.181 57.293
-9.528 36.693 56.429
-11.09 33.612 58.094
-14.403 34.827 59.494
-17.763 35.366 57.737
-19.021 37.619 54.998
-19.369 41.169 56.316
-20.868 42.625 53.046
-22.316 40.355 50.283
-23.794 42.734 47.731
-24.977 41.761 44.308
-23.141 44.526 42.528
-19.811 45.183 40.918
-18.324 47.422 43.498
-18.847 46.873 47.221
-17.348 49.076 49.918
-16.634 48.665 53.68
-16.647 51.391 56.209
-13.785 51.662 58.536
-12.493 48.145 58.302
-10.981 46.564 61.366
-7.19 46.131 60.822
-6.289 42.631 59.485
-6.4 40.442 56.355
-9.591 41.14 54.544
-10.448 38.861 51.664
-12.54 39.805 48.585
-14.496 37.091 46.709
-16.519 36.759 43.49
-19.028 34.026 43.676
-21.725 32.593 41.408
-24.04 30.269 43.266
-21.967 28.414 45.887
-19.157 28.72 43.369
-16.485 31.037 44.177
-14.924 32.111 40.992
-12.068 33.954 42.673
-10.707 35.841 45.637
-8.047 38.373 46.552
-6.51 39.492 49.904
-5.369 42.704 51.36
-3.775 43.539 54.663
-5.525 46.65 56.016
